{"producer":{"name":"Blender","version":"2.80 (sub 75)","exporter_version":"6.2.2","file":"flag.babylon"},
"autoClear":true,"clearColor":[0.0509,0.0509,0.0509],"gravity":[0,-9.81,0],
"materials":[{"name":"pole","id":"pole","customType":"BABYLON.PBRMaterial","backFaceCulling":true,"checkReadyOnlyOnce":false,"maxSimultaneousLights":4,"environmentIntensity":1,"albedo":[1,1,1],"reflectivity":[0.5,0.5,0.5],"roughness":0,"alpha":1,"transparencyMode":0,"alphaCutOff":0.4,"metallic":1},
{"name":"flag","id":"flag","customType":"BABYLON.PBRMaterial","backFaceCulling":true,"checkReadyOnlyOnce":false,"maxSimultaneousLights":4,"environmentIntensity":1,"reflectivity":[1,1,1],"roughness":1,"alpha":1,"transparencyMode":0,"alphaCutOff":0.4,"metallic":0, 
"albedoTexture":{"name":"flag.png","level":1,"hasAlpha":true,"coordinatesMode":0,"uOffset":0,"vOffset":0,"uScale":1,"vScale":1,"uAng":0,"vAng":0,"wAng":0,"wrapU":1,"wrapV":1,"coordinatesIndex":0},"useAlphaFromAlbedoTexture":true}],
"multiMaterials":[],
"skeletons":[{"name":"Armature","id":0,"dimensionsAtRest":[0,2.3151,2.9981],"bones":[
{"name":"Bone","index":0,"matrix":[1,0,0,0,0,-0.0394,0.9992,0,0,0.9992,0.0394,0,0,15.476,-0.0021,1],"rest":[1,0,0,0,0,-0.0394,0.9992,0,0,0.9992,0.0394,0,0,15.476,-0.0021,1],"parentBoneIndex":-1,"length":0.3317
,"animation":{"dataType":3,"framePerSecond":24,"keys":[
{"frame":1,"values":[1,0,0,0,0,-0.0394,0.9992,0,0,0.9992,0.0394,0,0,15.476,-0.0021,1]},
{"frame":2,"values":[1,0,0.0002,0,-0.0002,-0.0394,0.9992,0,0,0.9992,0.0394,0,0,15.476,-0.0021,1]},
{"frame":3,"values":[1,-0.0001,0.001,0,-0.001,-0.039,0.9992,0,0.0001,0.9992,0.039,0,0,15.476,-0.0021,1]},
{"frame":4,"values":[1,-0.0002,0.0024,0,-0.0024,-0.0378,0.9993,0,0.0002,0.9993,0.0378,0,0,15.476,-0.0021,1]},
{"frame":5,"values":[1,-0.0004,0.0043,0,-0.0043,-0.0357,0.9994,0,0.0002,0.9994,0.0357,0,0,15.476,-0.0021,1]},
{"frame":6,"values":[1,-0.0006,0.007,0,-0.007,-0.0321,0.9995,0,0.0004,0.9995,0.0321,0,0,15.476,-0.0021,1]},
{"frame":7,"values":[0.9999,-0.0008,0.0104,0,-0.0104,-0.0268,0.9996,0,0.0005,0.9996,0.0268,0,0,15.476,-0.0021,1]},
{"frame":8,"values":[0.9999,-0.0009,0.0145,0,-0.0145,-0.0193,0.9997,0,0.0007,0.9998,0.0193,0,0,15.476,-0.0021,1]},
{"frame":9,"values":[0.9998,-0.001,0.0195,0,-0.0195,-0.0094,0.9998,0,0.0009,1,0.0094,0,0,15.476,-0.0021,1]},
{"frame":10,"values":[0.9997,-0.001,0.0254,0,-0.0254,0.0033,0.9997,0,0.0011,1,-0.0033,0,0,15.476,-0.0021,1]},
{"frame":11,"values":[0.9995,-0.0002,0.0325,0,-0.0324,0.0329,0.9989,0,0.0012,0.9995,-0.0329,0,0,15.476,-0.0021,1]},
{"frame":12,"values":[0.9991,0.0019,0.042,0,-0.0421,0.0794,0.996,0,0.0014,0.9968,-0.0794,0,0,15.476,-0.0021,1]},
{"frame":13,"values":[0.9984,0.0045,0.0557,0,-0.0558,0.1222,0.9909,0,0.0023,0.9925,-0.1223,0,0,15.476,-0.0021,1]},
{"frame":14,"values":[0.9972,0.0066,0.0751,0,-0.0753,0.1409,0.9872,0,0.0041,0.99,-0.141,0,0,15.476,-0.0021,1]},
{"frame":15,"values":[0.9949,0.0047,0.1007,0,-0.1005,0.1302,0.9864,0,0.0085,0.9915,-0.13,0,0,15.476,-0.0021,1]},
{"frame":16,"values":[0.9919,-0.0013,0.1272,0,-0.1264,0.107,0.9862,0,0.0149,0.9943,-0.106,0,0,15.476,-0.0021,1]},
{"frame":17,"values":[0.989,-0.0081,0.1479,0,-0.1467,0.0839,0.9856,0,0.0204,0.9964,-0.0818,0,0,15.476,-0.0021,1]},
{"frame":18,"values":[0.9877,-0.0114,0.1561,0,-0.1549,0.0734,0.9852,0,0.0226,0.9972,-0.0707,0,0,15.476,-0.0021,1]},
{"frame":19,"values":[0.9885,-0.0089,0.1512,0,-0.15,0.0801,0.9854,0,0.0209,0.9967,-0.0778,0,0,15.476,-0.0021,1]},
{"frame":20,"values":[0.9904,-0.0033,0.1379,0,-0.137,0.0961,0.9859,0,0.0165,0.9954,-0.0947,0,0,15.476,-0.0021,1]},
{"frame":21,"values":[0.993,0.0029,0.1183,0,-0.1179,0.1152,0.9863,0,0.0108,0.9933,-0.1147,0,0,15.476,-0.0021,1]},
{"frame":22,"values":[0.9955,0.0075,0.0947,0,-0.0949,0.1313,0.9868,0,0.005,0.9913,-0.1314,0,0,15.476,-0.0021,1]},
{"frame":23,"values":[0.9976,0.0086,0.0694,0,-0.0699,0.1382,0.9879,0,0.0011,0.9904,-0.1385,0,0,15.476,-0.0021,1]},
{"frame":24,"values":[0.999,0.0065,0.0447,0,-0.0451,0.1212,0.9916,0,-0.0011,0.9926,-0.1213,0,0,15.476,-0.0021,1]},
{"frame":25,"values":[0.9997,0.0041,0.0222,0,-0.0225,0.0801,0.9965,0,-0.0023,0.9968,-0.0802,0,0,15.476,-0.0021,1]},
{"frame":26,"values":[1,0.0024,0.0038,0,-0.0039,0.0308,0.9995,0,-0.0023,0.9995,-0.0308,0,0,15.476,-0.0021,1]},
{"frame":27,"values":[1,0.0016,-0.0086,0,0.0086,-0.0105,0.9999,0,-0.0015,0.9999,0.0105,0,0,15.476,-0.0021,1]},
{"frame":28,"values":[0.9999,0.0014,-0.0131,0,0.0132,-0.0278,0.9995,0,-0.001,0.9996,0.0279,0,0,15.476,-0.0021,1]},
{"frame":29,"values":[1,0.0014,-0.0098,0,0.0098,-0.0182,0.9998,0,-0.0012,0.9998,0.0182,0,0,15.476,-0.0021,1]},
{"frame":30,"values":[1,0.0017,-0.0013,0,0.0013,0.0048,1,0,-0.0017,1,-0.0048,0,0,15.476,-0.0021,1]},
{"frame":31,"values":[0.9999,0.0022,0.0103,0,-0.0104,0.0322,0.9994,0,-0.0019,0.9995,-0.0322,0,0,15.476,-0.0021,1]},
{"frame":32,"values":[0.9997,0.0029,0.0228,0,-0.0229,0.0551,0.9982,0,-0.0017,0.9985,-0.0552,0,0,15.476,-0.0021,1]},
{"frame":33,"values":[0.9994,0.0034,0.0341,0,-0.0343,0.0647,0.9973,0,-0.0012,0.9979,-0.0648,0,0,15.476,-0.0021,1]},
{"frame":34,"values":[0.9991,0.0031,0.0426,0,-0.0427,0.0647,0.997,0,-0.0004,0.9979,-0.0648,0,0,15.476,-0.0021,1]},
{"frame":35,"values":[0.9988,0.0023,0.0483,0,-0.0484,0.0647,0.9967,0,0.0008,0.9979,-0.0647,0,0,15.476,-0.0021,1]},
{"frame":36,"values":[0.9987,0.0012,0.0518,0,-0.0518,0.0645,0.9966,0,0.0022,0.9979,-0.0644,0,0,15.476,-0.0021,1]},
{"frame":37,"values":[0.9986,0,0.0536,0,-0.0535,0.064,0.9965,0,0.0034,0.9979,-0.0639,0,0,15.476,-0.0021,1]},
{"frame":38,"values":[0.9985,-0.0009,0.0543,0,-0.0541,0.0633,0.9965,0,0.0043,0.998,-0.0632,0,0,15.476,-0.0021,1]},
{"frame":39,"values":[0.9985,-0.0013,0.0544,0,-0.0542,0.0622,0.9966,0,0.0047,0.9981,-0.0621,0,0,15.476,-0.0021,1]},
{"frame":40,"values":[0.9985,-0.0014,0.0541,0,-0.0539,0.0601,0.9967,0,0.0046,0.9982,-0.0599,0,0,15.476,-0.0021,1]},
{"frame":41,"values":[0.9986,-0.0015,0.0532,0,-0.053,0.0562,0.997,0,0.0045,0.9984,-0.0561,0,0,15.476,-0.0021,1]},
{"frame":42,"values":[0.9986,-0.0016,0.052,0,-0.0518,0.0506,0.9974,0,0.0042,0.9987,-0.0505,0,0,15.476,-0.0021,1]},
{"frame":43,"values":[0.9987,-0.0018,0.0508,0,-0.0507,0.0434,0.9978,0,0.004,0.9991,-0.0432,0,0,15.476,-0.0021,1]},
{"frame":44,"values":[0.9988,-0.002,0.0499,0,-0.0498,0.0344,0.9982,0,0.0037,0.9994,-0.0343,0,0,15.476,-0.0021,1]},
{"frame":45,"values":[0.9988,-0.0023,0.0495,0,-0.0495,0.0238,0.9985,0,0.0034,0.9997,-0.0236,0,0,15.476,-0.0021,1]},
{"frame":46,"values":[0.9952,0.0021,0.0974,0,-0.0974,0.0114,0.9952,0,-0.001,0.9999,-0.0116,0,0,15.476,-0.0021,1]},
{"frame":47,"values":[0.9826,0.0095,0.1857,0,-0.1857,-0.0025,0.9826,0,-0.0098,1,0.0007,0,0,15.476,-0.0021,1]},
{"frame":48,"values":[0.9725,0.0122,0.2327,0,-0.2325,-0.0166,0.9724,0,-0.0158,0.9998,0.0133,0,0,15.476,-0.0021,1]},
{"frame":49,"values":[0.9902,0.005,0.1397,0,-0.1395,-0.0285,0.9898,0,-0.0089,0.9996,0.0276,0,0,15.476,-0.0021,1]},
{"frame":50,"values":[1,0,0,0,0,-0.0394,0.9992,0,0,0.9992,0.0394,0,0,15.476,-0.0021,1]},
{"frame":51,"values":[0.9971,0.0021,-0.0763,0,0.0763,-0.0479,0.9959,0,0.0015,0.9988,0.0479,0,0,15.476,-0.0021,1]},
{"frame":52,"values":[0.9919,0.004,-0.1273,0,0.1273,-0.0545,0.9904,0,0.003,0.9985,0.0545,0,0,15.476,-0.0021,1]},
{"frame":53,"values":[0.9874,0.0054,-0.158,0,0.1581,-0.0604,0.9856,0,0.0042,0.9982,0.0605,0,0,15.476,-0.0021,1]},
{"frame":54,"values":[0.9848,0.0065,-0.1738,0,0.1739,-0.0669,0.9825,0,0.0052,0.9977,0.067,0,0,15.476,-0.0021,1]},
{"frame":55,"values":[0.9837,0.0075,-0.1797,0,0.1798,-0.0751,0.9808,0,0.0061,0.9972,0.0752,0,0,15.476,-0.0021,1]},
{"frame":56,"values":[0.9835,0.0085,-0.1805,0,0.1806,-0.0862,0.9798,0,0.0072,0.9962,0.0863,0,0,15.476,-0.0021,1]},
{"frame":57,"values":[0.9864,0.0092,-0.1644,0,0.1645,-0.1008,0.9812,0,0.0075,0.9949,0.101,0,0,15.476,-0.0021,1]},
{"frame":58,"values":[0.9923,0.0089,-0.1239,0,0.1241,-0.1176,0.9853,0,0.0058,0.993,0.1178,0,0,15.476,-0.0021,1]},
{"frame":59,"values":[0.9974,0.0081,-0.0709,0,0.0714,-0.1343,0.9884,0,0.0015,0.9909,0.1346,0,0,15.476,-0.0021,1]},
{"frame":60,"values":[0.9998,0.0079,-0.0177,0,0.0186,-0.1488,0.9887,0,-0.0052,0.9888,0.1489,0,0,15.476,-0.0021,1]},
{"frame":61,"values":[0.9997,0.0098,0.0236,0,-0.0217,-0.1589,0.9871,0,-0.0134,0.9872,0.1587,0,0,15.476,-0.0021,1]},
{"frame":62,"values":[0.9991,0.0158,0.0406,0,-0.0375,-0.1629,0.9859,0,-0.0222,0.9865,0.1622,0,0,15.476,-0.0021,1]},
{"frame":63,"values":[0.9996,0.0288,0.0055,0,-0.0011,-0.1503,0.9886,0,-0.0293,0.9882,0.1502,0,0,15.476,-0.0021,1]},
{"frame":64,"values":[0.9963,0.0446,-0.0732,0,0.0782,-0.1213,0.9895,0,-0.0352,0.9916,0.1243,0,0,15.476,-0.0021,1]},
{"frame":65,"values":[0.9868,0.0558,-0.1521,0,0.1567,-0.0912,0.9834,0,-0.041,0.9943,0.0987,0,0,15.476,-0.0021,1]},
{"frame":66,"values":[0.9804,0.0597,-0.1876,0,0.192,-0.0773,0.9784,0,-0.0439,0.9952,0.0872,0,0,15.476,-0.0021,1]},
{"frame":67,"values":[0.9823,0.0561,-0.1789,0,0.183,-0.0783,0.98,0,-0.041,0.9953,0.0872,0,0,15.476,-0.0021,1]},
{"frame":68,"values":[0.9865,0.0471,-0.1571,0,0.1605,-0.0809,0.9837,0,-0.0336,0.9956,0.0873,0,0,15.476,-0.0021,1]},
{"frame":69,"values":[0.9911,0.0353,-0.1286,0,0.1312,-0.084,0.9878,0,-0.024,0.9958,0.0879,0,0,15.476,-0.0021,1]},
{"frame":70,"values":[0.9947,0.0233,-0.1,0,0.1017,-0.0871,0.991,0,-0.0144,0.9959,0.089,0,0,15.476,-0.0021,1]},
{"frame":71,"values":[0.9969,0.0141,-0.078,0,0.0789,-0.0897,0.9928,0,-0.007,0.9959,0.0906,0,0,15.476,-0.0021,1]},
{"frame":72,"values":[0.9976,0.0105,-0.0691,0,0.0698,-0.0917,0.9933,0,-0.0041,0.9957,0.0922,0,0,15.476,-0.0021,1]},
{"frame":73,"values":[0.9939,0.0132,-0.1094,0,0.1101,-0.0929,0.9896,0,-0.0029,0.9956,0.0938,0,0,15.476,-0.0021,1]},
{"frame":74,"values":[0.9786,0.0198,-0.2049,0,0.2058,-0.093,0.9742,0,-0.0002,0.9955,0.0951,0,0,15.476,-0.0021,1]},
{"frame":75,"values":[0.9482,0.0276,-0.3166,0,0.3178,-0.0916,0.9437,0,0.0029,0.9954,0.0957,0,0,15.476,-0.0021,1]},
{"frame":76,"values":[0.9129,0.0342,-0.4067,0,0.4081,-0.0896,0.9085,0,0.0054,0.9954,0.0958,0,0,15.476,-0.0021,1]},
{"frame":77,"values":[0.8957,0.0373,-0.4432,0,0.4447,-0.0884,0.8913,0,0.006,0.9954,0.0958,0,0,15.476,-0.0021,1]},
{"frame":78,"values":[0.8958,0.0391,-0.4427,0,0.4444,-0.0853,0.8917,0,0.0029,0.9956,0.0937,0,0,15.476,-0.0021,1]},
{"frame":79,"values":[0.8969,0.0423,-0.4403,0,0.4423,-0.078,0.8935,0,-0.0035,0.9961,0.0886,0,0,15.476,-0.0021,1]},
{"frame":80,"values":[0.8998,0.0457,-0.4339,0,0.4362,-0.0695,0.8972,0,-0.0109,0.9965,0.0825,0,0,15.476,-0.0021,1]},
{"frame":81,"values":[0.9054,0.0482,-0.4219,0,0.4243,-0.0626,0.9034,0,-0.0171,0.9969,0.0772,0,0,15.476,-0.0021,1]},
{"frame":82,"values":[0.9143,0.0485,-0.4021,0,0.4045,-0.0603,0.9125,0,-0.02,0.997,0.0748,0,0,15.476,-0.0021,1]},
{"frame":83,"values":[0.9297,0.0392,-0.3662,0,0.3681,-0.0703,0.9271,0,-0.0106,0.9968,0.0798,0,0,15.476,-0.0021,1]},
{"frame":84,"values":[0.9495,0.017,-0.3134,0,0.3135,-0.0938,0.9449,0,0.0133,0.9954,0.0944,0,0,15.476,-0.0021,1]},
{"frame":85,"values":[0.9672,-0.0127,-0.2537,0,0.2503,-0.124,0.9602,0,0.0437,0.9922,0.1168,0,0,15.476,-0.0021,1]},
{"frame":86,"values":[0.9792,-0.0436,-0.1982,0,0.1893,-0.1553,0.9696,0,0.073,0.9869,0.1438,0,0,15.476,-0.0021,1]},
{"frame":87,"values":[0.9852,-0.0677,-0.1576,0,0.143,-0.1834,0.9726,0,0.0948,0.9807,0.171,0,0,15.476,-0.0021,1]},
{"frame":88,"values":[0.9868,-0.0768,-0.1424,0,0.1241,-0.2053,0.9708,0,0.1038,0.9757,0.193,0,0,15.476,-0.0021,1]},
{"frame":89,"values":[0.9841,-0.0709,-0.1629,0,0.1439,-0.2197,0.9649,0,0.1042,0.973,0.2059,0,0,15.476,-0.0021,1]},
{"frame":90,"values":[0.9766,-0.0585,-0.207,0,0.1888,-0.2276,0.9553,0,0.103,0.972,0.2113,0,0,15.476,-0.0021,1]},
{"frame":91,"values":[0.9672,-0.0435,-0.2501,0,0.2339,-0.2303,0.9446,0,0.0987,0.9721,0.2126,0,0,15.476,-0.0021,1]},
{"frame":92,"values":[0.9627,-0.0305,-0.2687,0,0.2549,-0.2297,0.9393,0,0.0904,0.9728,0.2133,0,0,15.476,-0.0021,1]},
{"frame":93,"values":[0.9663,-0.022,-0.2564,0,0.2454,-0.2205,0.944,0,0.0773,0.9751,0.2077,0,0,15.476,-0.0021,1]},
{"frame":94,"values":[0.974,-0.0171,-0.226,0,0.2182,-0.1986,0.9555,0,0.0612,0.9799,0.1897,0,0,15.476,-0.0021,1]},
{"frame":95,"values":[0.983,-0.0138,-0.1832,0,0.1783,-0.1682,0.9695,0,0.0442,0.9857,0.1629,0,0,15.476,-0.0021,1]},
{"frame":96,"values":[0.9909,-0.0109,-0.134,0,0.1313,-0.1334,0.9823,0,0.0286,0.991,0.1308,0,0,15.476,-0.0021,1]},
{"frame":97,"values":[0.9964,-0.0076,-0.0847,0,0.0835,-0.0987,0.9916,0,0.0159,0.9951,0.0977,0,0,15.476,-0.0021,1]},
{"frame":98,"values":[0.9991,-0.0041,-0.0417,0,0.0413,-0.0686,0.9968,0,0.0069,0.9976,0.0684,0,0,15.476,-0.0021,1]},
{"frame":99,"values":[0.9999,-0.0012,-0.0114,0,0.0114,-0.0474,0.9988,0,0.0017,0.9989,0.0474,0,0,15.476,-0.0021,1]},
{"frame":100,"values":[1,0,0,0,0,-0.0394,0.9992,0,0,0.9992,0.0394,0,0,15.476,-0.0021,1]}],"loopBehavior":1,"name":"anim","property":"_matrix"}},
{"name":"Bone.001","index":1,"matrix":[-1,0,0,0,0,0.9992,0.0394,0,0,0.0394,-0.9992,0,0,0.3317,0,1],"rest":[-1,0,0,0,0,0.9992,0.0394,0,0,0.0394,-0.9992,0,0,0.3317,0,1],"parentBoneIndex":0,"length":0.3356
,"animation":{"dataType":3,"framePerSecond":24,"keys":[
{"frame":1,"values":[-1,0,0,0,0,0.9992,0.0394,0,0,0.0394,-0.9992,0,0,0.3317,0,1]},
{"frame":2,"values":[-1,0.0002,0,0,0.0002,0.9992,0.0389,0,0,0.0389,-0.9992,0,0,0.3317,0,1]},
{"frame":3,"values":[-1,0.0007,0,0,0.0007,0.9993,0.0376,0,0,0.0376,-0.9993,0,0,0.3317,0,1]},
{"frame":4,"values":[-1,0.0015,0.0001,0,0.0015,0.9994,0.0356,0,0,0.0356,-0.9994,0,0,0.3317,0,1]},
{"frame":5,"values":[-1,0.0023,0.0001,0,0.0023,0.9994,0.0332,0,0,0.0332,-0.9994,0,0,0.3317,0,1]},
{"frame":6,"values":[-1,0.0033,0.0002,0,0.0033,0.9995,0.0308,0,-0.0001,0.0308,-0.9995,0,0,0.3317,0,1]},
{"frame":7,"values":[-1,0.0042,0.0002,0,0.0042,0.9996,0.0285,0,-0.0001,0.0285,-0.9996,0,0,0.3317,0,1]},
{"frame":8,"values":[-1,0.0049,0.0002,0,0.0049,0.9996,0.0265,0,-0.0001,0.0265,-0.9996,0,0,0.3317,0,1]},
{"frame":9,"values":[-1,0.0054,0.0003,0,0.0054,0.9997,0.0251,0,-0.0001,0.0251,-0.9997,0,0,0.3317,0,1]},
{"frame":10,"values":[-1,0.0056,0.0003,0,0.0056,0.9997,0.0246,0,-0.0001,0.0246,-0.9997,0,0,0.3317,0,1]},
{"frame":11,"values":[-1,0.0043,-0.0002,0,0.0043,0.9993,0.0372,0,0.0004,0.0371,-0.9993,0,0,0.3317,0,1]},
{"frame":12,"values":[-1,-0.0001,-0.0014,0,-0.0002,0.9979,0.0647,0,0.0014,0.0647,-0.9979,0,0,0.3317,0,1]},
{"frame":13,"values":[-1,-0.0083,-0.0029,0,-0.0085,0.9957,0.0922,0,0.0022,0.0922,-0.9957,0,0,0.3317,0,1]},
{"frame":14,"values":[-0.9998,-0.0209,-0.0044,0,-0.0212,0.9943,0.1047,0,0.0021,0.1047,-0.9945,0,0,0.3317,0,1]},
{"frame":15,"values":[-0.9993,-0.0382,0.0007,0,-0.038,0.9944,0.0984,0,-0.0045,0.0983,-0.9951,0,0,0.3317,0,1]},
{"frame":16,"values":[-0.9983,-0.0567,0.0135,0,-0.0553,0.9948,0.0849,0,-0.0183,0.084,-0.9963,0,0,0.3317,0,1]},
{"frame":17,"values":[-0.9971,-0.0711,0.0268,0,-0.069,0.995,0.0716,0,-0.0317,0.0695,-0.9971,0,0,0.3317,0,1]},
{"frame":18,"values":[-0.9965,-0.0769,0.0329,0,-0.0746,0.9951,0.0656,0,-0.0378,0.0629,-0.9973,0,0,0.3317,0,1]},
{"frame":19,"values":[-0.9969,-0.0735,0.0284,0,-0.0713,0.995,0.0698,0,-0.0334,0.0676,-0.9972,0,0,0.3317,0,1]},
{"frame":20,"values":[-0.9978,-0.0641,0.0179,0,-0.0625,0.9948,0.08,0,-0.0229,0.0787,-0.9966,0,0,0.3317,0,1]},
{"frame":21,"values":[-0.9987,-0.0505,0.0056,0,-0.0498,0.9945,0.0923,0,-0.0102,0.0919,-0.9957,0,0,0.3317,0,1]},
{"frame":22,"values":[-0.9994,-0.0343,-0.0043,0,-0.0345,0.9941,0.1027,0,0.0008,0.1028,-0.9947,0,0,0.3317,0,1]},
{"frame":23,"values":[-0.9998,-0.0174,-0.0078,0,-0.0181,0.9941,0.1072,0,0.0059,0.1073,-0.9942,0,0,0.3317,0,1]},
{"frame":24,"values":[-1,-0.0013,-0.0068,0,-0.0019,0.9954,0.0958,0,0.0066,0.0958,-0.9954,0,0,0.3317,0,1]},
{"frame":25,"values":[-0.9999,0.0132,-0.0061,0,0.0128,0.9976,0.0684,0,0.0069,0.0683,-0.9976,0,0,0.3317,0,1]},
{"frame":26,"values":[-0.9997,0.025,-0.0059,0,0.0248,0.9991,0.0356,0,0.0068,0.0355,-0.9993,0,0,0.3317,0,1]},
{"frame":27,"values":[-0.9994,0.0329,-0.006,0,0.0328,0.9994,0.0082,0,0.0063,0.008,-0.9999,0,0,0.3317,0,1]},
{"frame":28,"values":[-0.9993,0.0357,-0.0062,0,0.0358,0.9994,-0.0034,0,0.0061,-0.0036,-1,0,0,0.3317,0,1]},
{"frame":29,"values":[-0.9994,0.0339,-0.0061,0,0.0339,0.9994,0.0013,0,0.0062,0.0011,-1,0,0,0.3317,0,1]},
{"frame":30,"values":[-0.9996,0.0291,-0.006,0,0.029,0.9995,0.0131,0,0.0064,0.0129,-0.9999,0,0,0.3317,0,1]},
{"frame":31,"values":[-0.9997,0.0223,-0.006,0,0.0222,0.9994,0.0284,0,0.0066,0.0282,-0.9996,0,0,0.3317,0,1]},
{"frame":32,"values":[-0.9999,0.0146,-0.006,0,0.0143,0.9989,0.0436,0,0.0066,0.0435,-0.999,0,0,0.3317,0,1]},
{"frame":33,"values":[-1,0.0067,-0.0061,0,0.0064,0.9984,0.0553,0,0.0064,0.0552,-0.9985,0,0,0.3317,0,1]},
{"frame":34,"values":[-1,-0.0003,-0.0057,0,-0.0006,0.998,0.0626,0,0.0057,0.0626,-0.998,0,0,0.3317,0,1]},
{"frame":35,"values":[-1,-0.0063,-0.0047,0,-0.0066,0.9977,0.0676,0,0.0043,0.0676,-0.9977,0,0,0.3317,0,1]},
{"frame":36,"values":[-0.9999,-0.0112,-0.0033,0,-0.0114,0.9974,0.0706,0,0.0025,0.0706,-0.9975,0,0,0.3317,0,1]},
{"frame":37,"values":[-0.9999,-0.015,-0.0018,0,-0.0151,0.9973,0.0721,0,0.0007,0.0721,-0.9974,0,0,0.3317,0,1]},
{"frame":38,"values":[-0.9998,-0.0176,-0.0005,0,-0.0175,0.9972,0.0727,0,-0.0008,0.0727,-0.9974,0,0,0.3317,0,1]},
{"frame":39,"values":[-0.9998,-0.0188,0.0004,0,-0.0187,0.9972,0.0728,0,-0.0018,0.0728,-0.9973,0,0,0.3317,0,1]},
{"frame":40,"values":[-0.9998,-0.0192,0.0009,0,-0.0191,0.9972,0.0727,0,-0.0023,0.0727,-0.9974,0,0,0.3317,0,1]},
{"frame":41,"values":[-0.9998,-0.0193,0.0011,0,-0.0192,0.9972,0.0722,0,-0.0025,0.0722,-0.9974,0,0,0.3317,0,1]},
{"frame":42,"values":[-0.9998,-0.0194,0.0013,0,-0.0192,0.9973,0.0709,0,-0.0026,0.0709,-0.9975,0,0,0.3317,0,1]},
{"frame":43,"values":[-0.9998,-0.0194,0.0014,0,-0.0193,0.9975,0.0683,0,-0.0027,0.0683,-0.9977,0,0,0.3317,0,1]},
{"frame":44,"values":[-0.9998,-0.0195,0.0015,0,-0.0194,0.9978,0.064,0,-0.0027,0.064,-0.9979,0,0,0.3317,0,1]},
{"frame":45,"values":[-0.9998,-0.0199,0.0017,0,-0.0198,0.9981,0.0577,0,-0.0028,0.0576,-0.9983,0,0,0.3317,0,1]},
{"frame":46,"values":[-0.9996,-0.0267,0.0019,0,-0.0266,0.9989,0.038,0,-0.0029,0.038,-0.9993,0,0,0.3317,0,1]},
{"frame":47,"values":[-0.9992,-0.0388,0.0022,0,-0.0388,0.9992,0.0094,0,-0.0026,0.0093,-1,0,0,0.3317,0,1]},
{"frame":48,"values":[-0.999,-0.0452,0.0025,0,-0.0452,0.999,-0.0052,0,-0.0023,-0.0053,-1,0,0,0.3317,0,1]},
{"frame":49,"values":[-0.9995,-0.0301,0.0008,0,-0.0301,0.9994,0.0171,0,-0.0013,0.0171,-0.9999,0,0,0.3317,0,1]},
{"frame":50,"values":[-1,0,0,0,0,0.9992,0.0394,0,0,0.0394,-0.9992,0,0,0.3317,0,1]},
{"frame":51,"values":[-0.9997,0.0262,0.0011,0,0.0263,0.9989,0.0394,0,-0.0001,0.0394,-0.9992,0,0,0.3317,0,1]},
{"frame":52,"values":[-0.999,0.0456,0.0021,0,0.0457,0.9982,0.0391,0,-0.0003,0.0392,-0.9992,0,0,0.3317,0,1]},
{"frame":53,"values":[-0.9982,0.0591,0.0029,0,0.0592,0.9975,0.0385,0,-0.0006,0.0386,-0.9993,0,0,0.3317,0,1]},
{"frame":54,"values":[-0.9977,0.0676,0.0035,0,0.0677,0.997,0.0373,0,-0.0009,0.0374,-0.9993,0,0,0.3317,0,1]},
{"frame":55,"values":[-0.9974,0.072,0.0038,0,0.0721,0.9968,0.0353,0,-0.0012,0.0355,-0.9994,0,0,0.3317,0,1]},
{"frame":56,"values":[-0.9973,0.0733,0.0038,0,0.0734,0.9968,0.0324,0,-0.0014,0.0326,-0.9995,0,0,0.3317,0,1]},
{"frame":57,"values":[-0.9981,0.0612,0.0019,0,0.0612,0.9978,0.0253,0,-0.0003,0.0254,-0.9997,0,0,0.3317,0,1]},
{"frame":58,"values":[-0.9995,0.0308,-0.0028,0,0.0308,0.9994,0.0128,0,0.0032,0.0128,-0.9999,0,0,0.3317,0,1]},
{"frame":59,"values":[-0.9999,-0.0088,-0.0089,0,-0.0088,1,-0.0022,0,0.0089,-0.0022,-1,0,0,0.3317,0,1]},
{"frame":60,"values":[-0.9987,-0.0485,-0.0154,0,-0.0482,0.9987,-0.017,0,0.0162,-0.0163,-0.9997,0,0,0.3317,0,1]},
{"frame":61,"values":[-0.9966,-0.0789,-0.022,0,-0.0783,0.9965,-0.0284,0,0.0241,-0.0266,-0.9994,0,0,0.3317,0,1]},
{"frame":62,"values":[-0.9954,-0.0911,-0.0284,0,-0.0902,0.9954,-0.0331,0,0.0313,-0.0304,-0.999,0,0,0.3317,0,1]},
{"frame":63,"values":[-0.9968,-0.0725,-0.0344,0,-0.0714,0.997,-0.0309,0,0.0365,-0.0284,-0.9989,0,0,0.3317,0,1]},
{"frame":64,"values":[-0.9987,-0.0314,-0.0391,0,-0.0304,0.9992,-0.0248,0,0.0398,-0.0236,-0.9989,0,0,0.3317,0,1]},
{"frame":65,"values":[-0.9991,0.0098,-0.042,0,0.0105,0.9998,-0.0163,0,0.0418,-0.0167,-0.999,0,0,0.3317,0,1]},
{"frame":66,"values":[-0.9987,0.0287,-0.0428,0,0.029,0.9996,-0.0072,0,0.0426,-0.0084,-0.9991,0,0,0.3317,0,1]},
{"frame":67,"values":[-0.9988,0.0255,-0.0412,0,0.0254,0.9997,0.0013,0,0.0412,0.0002,-0.9992,0,0,0.3317,0,1]},
{"frame":68,"values":[-0.9992,0.0171,-0.0372,0,0.0168,0.9998,0.009,0,0.0373,0.0084,-0.9993,0,0,0.3317,0,1]},
{"frame":69,"values":[-0.9995,0.0062,-0.0316,0,0.0057,0.9999,0.0157,0,0.0317,0.0155,-0.9994,0,0,0.3317,0,1]},
{"frame":70,"values":[-0.9997,-0.0049,-0.0251,0,-0.0054,0.9998,0.0209,0,0.025,0.0211,-0.9995,0,0,0.3317,0,1]},
{"frame":71,"values":[-0.9997,-0.0135,-0.0184,0,-0.0139,0.9996,0.0244,0,0.0181,0.0247,-0.9995,0,0,0.3317,0,1]},
{"frame":72,"values":[-0.9998,-0.017,-0.0122,0,-0.0173,0.9995,0.0257,0,0.0118,0.026,-0.9996,0,0,0.3317,0,1]},
{"frame":73,"values":[-1,0.0071,-0.0064,0,0.0069,0.9996,0.0256,0,0.0066,0.0255,-0.9997,0,0,0.3317,0,1]},
{"frame":74,"values":[-0.9979,0.065,-0.0009,0,0.0649,0.9976,0.0249,0,0.0025,0.0248,-0.9997,0,0,0.3317,0,1]},
{"frame":75,"values":[-0.991,0.1339,0.0037,0,0.1339,0.9907,0.0238,0,-0.0005,0.0241,-0.9997,0,0,0.3317,0,1]},
{"frame":76,"values":[-0.9816,0.1911,0.0069,0,0.1912,0.9813,0.0227,0,-0.0024,0.0236,-0.9997,0,0,0.3317,0,1]},
{"frame":77,"values":[-0.9766,0.2148,0.008,0,0.215,0.9764,0.0222,0,-0.0031,0.0234,-0.9997,0,0,0.3317,0,1]},
{"frame":78,"values":[-0.9766,0.2147,0.008,0,0.2148,0.9763,0.0255,0,-0.0023,0.0267,-0.9996,0,0,0.3317,0,1]},
{"frame":79,"values":[-0.9769,0.2137,0.0078,0,0.2138,0.9763,0.0336,0,-0.0004,0.0344,-0.9994,0,0,0.3317,0,1]},
{"frame":80,"values":[-0.9775,0.211,0.007,0,0.2111,0.9765,0.0432,0,0.0023,0.0437,-0.999,0,0,0.3317,0,1]},
{"frame":81,"values":[-0.9786,0.2058,0.0051,0,0.2058,0.9772,0.0514,0,0.0056,0.0513,-0.9987,0,0,0.3317,0,1]},
{"frame":82,"values":[-0.9804,0.1972,0.0018,0,0.197,0.9789,0.0551,0,0.0091,0.0543,-0.9985,0,0,0.3317,0,1]},
{"frame":83,"values":[-0.9846,0.1748,-0.0035,0,0.1744,0.9833,0.0522,0,0.0126,0.0508,-0.9986,0,0,0.3317,0,1]},
{"frame":84,"values":[-0.9908,0.1349,-0.0104,0,0.1343,0.99,0.0441,0,0.0162,0.0423,-0.999,0,0,0.3317,0,1]},
{"frame":85,"values":[-0.9961,0.0867,-0.0176,0,0.0861,0.9957,0.0327,0,0.0203,0.031,-0.9993,0,0,0.3317,0,1]},
{"frame":86,"values":[-0.9989,0.0401,-0.0241,0,0.0397,0.999,0.0202,0,0.0249,0.0192,-0.9995,0,0,0.3317,0,1]},
{"frame":87,"values":[-0.9996,0.005,-0.0294,0,0.0047,0.9999,0.009,0,0.0294,0.0089,-0.9995,0,0,0.3317,0,1]},
{"frame":88,"values":[-0.9994,-0.0089,-0.0333,0,-0.009,1,0.0017,0,0.0333,0.002,-0.9994,0,0,0.3317,0,1]},
{"frame":89,"values":[-0.9994,-0.0022,-0.0359,0,-0.0022,1,-0.0017,0,0.0359,-0.0016,-0.9994,0,0,0.3317,0,1]},
{"frame":90,"values":[-0.9992,0.0125,-0.0376,0,0.0126,0.9999,-0.0033,0,0.0375,-0.0037,-0.9993,0,0,0.3317,0,1]},
{"frame":91,"values":[-0.9989,0.0272,-0.0384,0,0.0273,0.9996,-0.0036,0,0.0383,-0.0047,-0.9993,0,0,0.3317,0,1]},
{"frame":92,"values":[-0.9987,0.0338,-0.0387,0,0.034,0.9994,-0.0036,0,0.0385,-0.0049,-0.9992,0,0,0.3317,0,1]},
{"frame":93,"values":[-0.9988,0.0324,-0.037,0,0.0325,0.9995,-0.0018,0,0.0369,-0.003,-0.9993,0,0,0.3317,0,1]},
{"frame":94,"values":[-0.9991,0.0287,-0.0326,0,0.0286,0.9996,0.003,0,0.0326,0.0021,-0.9995,0,0,0.3317,0,1]},
{"frame":95,"values":[-0.9994,0.0233,-0.0263,0,0.0231,0.9997,0.0099,0,0.0265,0.0093,-0.9996,0,0,0.3317,0,1]},
{"frame":96,"values":[-0.9997,0.0171,-0.0192,0,0.0168,0.9997,0.0177,0,0.0195,0.0174,-0.9997,0,0,0.3317,0,1]},
{"frame":97,"values":[-0.9999,0.0109,-0.0121,0,0.0106,0.9996,0.0257,0,0.0124,0.0255,-0.9996,0,0,0.3317,0,1]},
{"frame":98,"values":[-1,0.0054,-0.006,0,0.0052,0.9995,0.0326,0,0.0061,0.0326,-0.9995,0,0,0.3317,0,1]},
{"frame":99,"values":[-1,0.0015,-0.0016,0,0.0014,0.9993,0.0375,0,0.0017,0.0375,-0.9993,0,0,0.3317,0,1]},
{"frame":100,"values":[-1,0,0,0,0,0.9992,0.0394,0,0,0.0394,-0.9992,0,0,0.3317,0,1]}],"loopBehavior":1,"name":"anim","property":"_matrix"}},
{"name":"Bone.002","index":2,"matrix":[1,0,0,0,0,1,0,0,0,0,1,0,0,0.3356,0,1],"rest":[1,0,0,0,0,1,0,0,0,0,1,0,0,0.3356,0,1],"parentBoneIndex":1,"length":0.3342
,"animation":{"dataType":3,"framePerSecond":24,"keys":[
{"frame":1,"values":[1,0,0,0,0,1,0,0,0,0,1,0,0,0.3356,0,1]},
{"frame":2,"values":[1,0.0011,0,0,-0.0011,1,0.0029,0,0,-0.0029,1,0,0,0.3356,0,1]},
{"frame":3,"values":[1,0.0041,0,0,-0.0041,0.9999,0.0106,0,0,-0.0106,0.9999,0,0,0.3356,0,1]},
{"frame":4,"values":[1,0.0085,0.0001,0,-0.0085,0.9997,0.0218,0,0.0001,-0.0218,0.9998,0,0,0.3356,0,1]},
{"frame":5,"values":[0.9999,0.0137,0.0002,0,-0.0137,0.9993,0.035,0,0.0003,-0.035,0.9994,0,0,0.3356,0,1]},
{"frame":6,"values":[0.9998,0.0191,0.0004,0,-0.0191,0.9986,0.0489,0,0.0005,-0.0489,0.9988,0,0,0.3356,0,1]},
{"frame":7,"values":[0.9997,0.0243,0.0007,0,-0.0242,0.9978,0.0621,0,0.0008,-0.0621,0.9981,0,0,0.3356,0,1]},
{"frame":8,"values":[0.9996,0.0286,0.001,0,-0.0286,0.9969,0.0733,0,0.0011,-0.0733,0.9973,0,0,0.3356,0,1]},
{"frame":9,"values":[0.9995,0.0316,0.0012,0,-0.0316,0.9962,0.0809,0,0.0014,-0.0809,0.9967,0,0,0.3356,0,1]},
{"frame":10,"values":[0.9995,0.0327,0.0013,0,-0.0327,0.9959,0.0838,0,0.0015,-0.0838,0.9965,0,0,0.3356,0,1]},
{"frame":11,"values":[0.9995,0.0327,0.0017,0,-0.0327,0.9962,0.081,0,0.001,-0.081,0.9967,0,0,0.3356,0,1]},
{"frame":12,"values":[0.9995,0.0323,0.0025,0,-0.0324,0.9967,0.0748,0,-0.0001,-0.0748,0.9972,0,0,0.3356,0,1]},
{"frame":13,"values":[0.9995,0.0315,0.0033,0,-0.0316,0.9971,0.0686,0,-0.0011,-0.0686,0.9976,0,0,0.3356,0,1]},
{"frame":14,"values":[0.9995,0.0298,0.0036,0,-0.03,0.9974,0.0658,0,-0.0017,-0.0658,0.9978,0,0,0.3356,0,1]},
{"frame":15,"values":[0.9997,0.0228,-0.0033,0,-0.0225,0.9975,0.0676,0,0.0048,-0.0675,0.9977,0,0,0.3356,0,1]},
{"frame":16,"values":[0.9998,0.0099,-0.0185,0,-0.0086,0.9974,0.0714,0,0.0192,-0.0712,0.9973,0,0,0.3356,0,1]},
{"frame":17,"values":[0.9994,-0.0024,-0.0337,0,0.0049,0.9972,0.075,0,0.0335,-0.0751,0.9966,0,0,0.3356,0,1]},
{"frame":18,"values":[0.9991,-0.0078,-0.0407,0,0.0109,0.997,0.0765,0,0.04,-0.0769,0.9962,0,0,0.3356,0,1]},
{"frame":19,"values":[0.9993,-0.0055,-0.0358,0,0.0081,0.9972,0.0745,0,0.0353,-0.0747,0.9966,0,0,0.3356,0,1]},
{"frame":20,"values":[0.9997,0.0008,-0.0241,0,0.0009,0.9976,0.0695,0,0.0241,-0.0695,0.9973,0,0,0.3356,0,1]},
{"frame":21,"values":[0.9999,0.0097,-0.01,0,-0.009,0.9979,0.0635,0,0.0106,-0.0634,0.9979,0,0,0.3356,0,1]},
{"frame":22,"values":[0.9998,0.0199,0.002,0,-0.02,0.9981,0.0583,0,-0.0008,-0.0584,0.9983,0,0,0.3356,0,1]},
{"frame":23,"values":[0.9995,0.03,0.0076,0,-0.0304,0.998,0.0561,0,-0.0059,-0.0563,0.9984,0,0,0.3356,0,1]},
{"frame":24,"values":[0.9992,0.0387,0.0086,0,-0.0392,0.9974,0.0613,0,-0.0062,-0.0616,0.9981,0,0,0.3356,0,1]},
{"frame":25,"values":[0.9989,0.0455,0.0094,0,-0.0461,0.9962,0.0737,0,-0.006,-0.0741,0.9972,0,0,0.3356,0,1]},
{"frame":26,"values":[0.9987,0.0504,0.0102,0,-0.0511,0.9948,0.0885,0,-0.0056,-0.0889,0.996,0,0,0.3356,0,1]},
{"frame":27,"values":[0.9985,0.0533,0.0107,0,-0.0541,0.9934,0.101,0,-0.0052,-0.1014,0.9948,0,0,0.3356,0,1]},
{"frame":28,"values":[0.9985,0.0543,0.0109,0,-0.0551,0.9928,0.1062,0,-0.0051,-0.1066,0.9943,0,0,0.3356,0,1]},
{"frame":29,"values":[0.9985,0.0538,0.0108,0,-0.0546,0.993,0.1049,0,-0.0051,-0.1054,0.9944,0,0,0.3356,0,1]},
{"frame":30,"values":[0.9986,0.0523,0.0106,0,-0.0531,0.9934,0.1015,0,-0.0052,-0.1019,0.9948,0,0,0.3356,0,1]},
{"frame":31,"values":[0.9987,0.0498,0.0102,0,-0.0506,0.9941,0.0963,0,-0.0054,-0.0967,0.9953,0,0,0.3356,0,1]},
{"frame":32,"values":[0.9989,0.0464,0.0097,0,-0.0471,0.9948,0.0899,0,-0.0054,-0.0902,0.9959,0,0,0.3356,0,1]},
{"frame":33,"values":[0.9991,0.0422,0.0089,0,-0.0428,0.9957,0.0826,0,-0.0054,-0.0829,0.9965,0,0,0.3356,0,1]},
{"frame":34,"values":[0.9993,0.0371,0.0077,0,-0.0376,0.9965,0.0749,0,-0.0049,-0.0751,0.9972,0,0,0.3356,0,1]},
{"frame":35,"values":[0.9995,0.0316,0.006,0,-0.0319,0.9972,0.0671,0,-0.0038,-0.0672,0.9977,0,0,0.3356,0,1]},
{"frame":36,"values":[0.9997,0.0258,0.004,0,-0.026,0.9979,0.0594,0,-0.0025,-0.0594,0.9982,0,0,0.3356,0,1]},
{"frame":37,"values":[0.9998,0.0201,0.0021,0,-0.0202,0.9984,0.052,0,-0.0011,-0.0521,0.9986,0,0,0.3356,0,1]},
{"frame":38,"values":[0.9999,0.0148,0.0005,0,-0.0148,0.9989,0.0454,0,0.0002,-0.0454,0.999,0,0,0.3356,0,1]},
{"frame":39,"values":[0.9999,0.0103,-0.0006,0,-0.0102,0.9992,0.0396,0,0.001,-0.0396,0.9992,0,0,0.3356,0,1]},
{"frame":40,"values":[1,0.0067,-0.0012,0,-0.0066,0.9994,0.0349,0,0.0014,-0.0348,0.9994,0,0,0.3356,0,1]},
{"frame":41,"values":[1,0.004,-0.0014,0,-0.004,0.9995,0.031,0,0.0015,-0.031,0.9995,0,0,0.3356,0,1]},
{"frame":42,"values":[1,0.002,-0.0014,0,-0.002,0.9996,0.0277,0,0.0015,-0.0277,0.9996,0,0,0.3356,0,1]},
{"frame":43,"values":[1,0.0006,-0.0015,0,-0.0006,0.9997,0.0245,0,0.0015,-0.0245,0.9997,0,0,0.3356,0,1]},
{"frame":44,"values":[1,-0.0005,-0.0017,0,0.0005,0.9998,0.0213,0,0.0017,-0.0213,0.9998,0,0,0.3356,0,1]},
{"frame":45,"values":[1,-0.0013,-0.0021,0,0.0013,0.9998,0.0176,0,0.0021,-0.0177,0.9998,0,0,0.3356,0,1]},
{"frame":46,"values":[1,-0.0021,-0.0035,0,0.0021,0.9999,0.0134,0,0.0035,-0.0134,0.9999,0,0,0.3356,0,1]},
{"frame":47,"values":[1,-0.0027,-0.0054,0,0.0027,1,0.009,0,0.0053,-0.0091,0.9999,0,0,0.3356,0,1]},
{"frame":48,"values":[1,-0.0029,-0.0063,0,0.0029,1,0.0052,0,0.0063,-0.0052,1,0,0,0.3356,0,1]},
{"frame":49,"values":[1,-0.0015,-0.0031,0,0.0015,1,0.0023,0,0.0031,-0.0023,1,0,0,0.3356,0,1]},
{"frame":50,"values":[1,0,0,0,0,1,0,0,0,0,1,0,0,0.3356,0,1]},
{"frame":51,"values":[1,-0.0002,-0.0001,0,0.0002,1,-0.0021,0,0.0001,0.0021,1,0,0,0.3356,0,1]},
{"frame":52,"values":[1,-0.0012,-0.0002,0,0.0012,1,-0.004,0,0.0003,0.004,1,0,0,0.3356,0,1]},
{"frame":53,"values":[1,-0.0041,-0.0005,0,0.0041,1,-0.0056,0,0.0005,0.0056,1,0,0,0.3356,0,1]},
{"frame":54,"values":[1,-0.0096,-0.0007,0,0.0096,0.9999,-0.0068,0,0.0008,0.0068,1,0,0,0.3356,0,1]},
{"frame":55,"values":[0.9998,-0.0188,-0.0008,0,0.0188,0.9998,-0.0076,0,0.001,0.0076,1,0,0,0.3356,0,1]},
{"frame":56,"values":[0.9995,-0.0324,-0.0008,0,0.0324,0.9994,-0.0079,0,0.0011,0.0079,1,0,0,0.3356,0,1]},
{"frame":57,"values":[0.9987,-0.0515,0.0007,0,0.0515,0.9987,-0.0051,0,-0.0004,0.0051,1,0,0,0.3356,0,1]},
{"frame":58,"values":[0.9972,-0.0744,0.0045,0,0.0744,0.9972,0.0025,0,-0.0046,-0.0021,1,0,0,0.3356,0,1]},
{"frame":59,"values":[0.9952,-0.0977,0.0096,0,0.0976,0.9951,0.0132,0,-0.0108,-0.0122,0.9999,0,0,0.3356,0,1]},
{"frame":60,"values":[0.9928,-0.1185,0.0153,0,0.118,0.9927,0.0256,0,-0.0182,-0.0236,0.9996,0,0,0.3356,0,1]},
{"frame":61,"values":[0.9909,-0.1333,0.0209,0,0.1325,0.9905,0.038,0,-0.0257,-0.0348,0.9991,0,0,0.3356,0,1]},
{"frame":62,"values":[0.9899,-0.1391,0.0259,0,0.1378,0.9893,0.0486,0,-0.0323,-0.0445,0.9985,0,0,0.3356,0,1]},
{"frame":63,"values":[0.99,-0.1378,0.0298,0,0.136,0.9891,0.0562,0,-0.0372,-0.0516,0.998,0,0,0.3356,0,1]},
{"frame":64,"values":[0.9904,-0.1341,0.0326,0,0.132,0.9894,0.061,0,-0.0404,-0.0561,0.9976,0,0,0.3356,0,1]},
{"frame":65,"values":[0.991,-0.1293,0.0342,0,0.127,0.9899,0.0634,0,-0.0421,-0.0585,0.9974,0,0,0.3356,0,1]},
{"frame":66,"values":[0.9916,-0.1245,0.0349,0,0.1221,0.9905,0.0641,0,-0.0425,-0.0593,0.9973,0,0,0.3356,0,1]},
{"frame":67,"values":[0.9921,-0.1203,0.0342,0,0.1182,0.9912,0.0594,0,-0.0411,-0.0549,0.9976,0,0,0.3356,0,1]},
{"frame":68,"values":[0.9927,-0.1165,0.0322,0,0.1149,0.9922,0.0477,0,-0.0375,-0.0437,0.9983,0,0,0.3356,0,1]},
{"frame":69,"values":[0.9932,-0.1125,0.0289,0,0.1115,0.9932,0.0324,0,-0.0323,-0.029,0.9991,0,0,0.3356,0,1]},
{"frame":70,"values":[0.9939,-0.1074,0.0245,0,0.1071,0.9941,0.0169,0,-0.0262,-0.0141,0.9996,0,0,0.3356,0,1]},
{"frame":71,"values":[0.9947,-0.1009,0.0194,0,0.1008,0.9949,0.0045,0,-0.0198,-0.0025,0.9998,0,0,0.3356,0,1]},
{"frame":72,"values":[0.9957,-0.092,0.0138,0,0.092,0.9958,-0.0014,0,-0.0136,0.0026,0.9999,0,0,0.3356,0,1]},
{"frame":73,"values":[0.9967,-0.0804,0.0082,0,0.0804,0.9968,-0.0024,0,-0.008,0.003,1,0,0,0.3356,0,1]},
{"frame":74,"values":[0.9978,-0.0668,0.0032,0,0.0669,0.9978,-0.0028,0,-0.003,0.003,1,0,0,0.3356,0,1]},
{"frame":75,"values":[0.9986,-0.0526,-0.0008,0,0.0526,0.9986,-0.0029,0,0.0009,0.0029,1,0,0,0.3356,0,1]},
{"frame":76,"values":[0.9992,-0.0387,-0.0034,0,0.0387,0.9992,-0.0031,0,0.0036,0.003,1,0,0,0.3356,0,1]},
{"frame":77,"values":[0.9996,-0.0266,-0.0044,0,0.0265,0.9996,-0.0038,0,0.0045,0.0037,1,0,0,0.3356,0,1]},
{"frame":78,"values":[0.9998,-0.017,-0.0044,0,0.017,0.9998,-0.0074,0,0.0045,0.0074,1,0,0,0.3356,0,1]},
{"frame":79,"values":[0.9999,-0.01,-0.0043,0,0.01,0.9998,-0.0146,0,0.0045,0.0145,0.9999,0,0,0.3356,0,1]},
{"frame":80,"values":[1,-0.0054,-0.0041,0,0.0053,0.9997,-0.0228,0,0.0043,0.0227,0.9997,0,0,0.3356,0,1]},
{"frame":81,"values":[1,-0.0028,-0.0038,0,0.0027,0.9996,-0.0295,0,0.0039,0.0295,0.9996,0,0,0.3356,0,1]},
{"frame":82,"values":[1,-0.002,-0.0033,0,0.0019,0.9995,-0.0323,0,0.0033,0.0323,0.9995,0,0,0.3356,0,1]},
{"frame":83,"values":[1,-0.0028,0.0024,0,0.0029,0.9995,-0.0305,0,-0.0023,0.0305,0.9995,0,0,0.3356,0,1]},
{"frame":84,"values":[0.9999,-0.0048,0.0154,0,0.0052,0.9996,-0.0261,0,-0.0153,0.0261,0.9995,0,0,0.3356,0,1]},
{"frame":85,"values":[0.9995,-0.0076,0.0322,0,0.0082,0.9998,-0.0202,0,-0.032,0.0205,0.9993,0,0,0.3356,0,1]},
{"frame":86,"values":[0.9987,-0.0104,0.0489,0,0.0111,0.9998,-0.0144,0,-0.0488,0.0149,0.9987,0,0,0.3356,0,1]},
{"frame":87,"values":[0.998,-0.0126,0.062,0,0.0132,0.9999,-0.0098,0,-0.0619,0.0106,0.998,0,0,0.3356,0,1]},
{"frame":88,"values":[0.9976,-0.0135,0.0678,0,0.0141,0.9999,-0.008,0,-0.0677,0.0089,0.9977,0,0,0.3356,0,1]},
{"frame":89,"values":[0.9976,-0.0132,0.0686,0,0.0138,0.9999,-0.0082,0,-0.0684,0.0091,0.9976,0,0,0.3356,0,1]},
{"frame":90,"values":[0.9975,-0.0122,0.0689,0,0.0129,0.9999,-0.0086,0,-0.0688,0.0095,0.9976,0,0,0.3356,0,1]},
{"frame":91,"values":[0.9976,-0.0109,0.0691,0,0.0115,0.9999,-0.0091,0,-0.069,0.0099,0.9976,0,0,0.3356,0,1]},
{"frame":92,"values":[0.9976,-0.0093,0.0691,0,0.01,0.9999,-0.0093,0,-0.069,0.01,0.9976,0,0,0.3356,0,1]},
{"frame":93,"values":[0.9978,-0.0077,0.0661,0,0.0083,0.9999,-0.009,0,-0.066,0.0095,0.9978,0,0,0.3356,0,1]},
{"frame":94,"values":[0.9983,-0.006,0.0583,0,0.0065,0.9999,-0.008,0,-0.0582,0.0083,0.9983,0,0,0.3356,0,1]},
{"frame":95,"values":[0.9989,-0.0045,0.0472,0,0.0048,1,-0.0065,0,-0.0472,0.0067,0.9989,0,0,0.3356,0,1]},
{"frame":96,"values":[0.9994,-0.0031,0.0345,0,0.0033,1,-0.0048,0,-0.0345,0.0049,0.9994,0,0,0.3356,0,1]},
{"frame":97,"values":[0.9998,-0.0019,0.0219,0,0.0019,1,-0.003,0,-0.0219,0.0031,0.9998,0,0,0.3356,0,1]},
{"frame":98,"values":[0.9999,-0.0009,0.0108,0,0.0009,1,-0.0015,0,-0.0108,0.0015,0.9999,0,0,0.3356,0,1]},
{"frame":99,"values":[1,-0.0002,0.003,0,0.0002,1,-0.0004,0,-0.003,0.0004,1,0,0,0.3356,0,1]},
{"frame":100,"values":[1,0,0,0,0,1,0,0,0,0,1,0,0,0.3356,0,1]}],"loopBehavior":1,"name":"anim","property":"_matrix"}},
{"name":"Bone.003","index":3,"matrix":[1,0,0,0,0,1,0,0,0,0,1,0,0,0.3342,0,1],"rest":[1,0,0,0,0,1,0,0,0,0,1,0,0,0.3342,0,1],"parentBoneIndex":2,"length":0.3389
,"animation":{"dataType":3,"framePerSecond":24,"keys":[
{"frame":1,"values":[1,0,0,0,0,1,0,0,0,0,1,0,0,0.3342,0,1]},
{"frame":2,"values":[1,0.0011,0,0,-0.0011,1,0.003,0,0,-0.003,1,0,0,0.3342,0,1]},
{"frame":3,"values":[1,0.0041,0,0,-0.0041,0.9999,0.0114,0,0,-0.0114,0.9999,0,0,0.3342,0,1]},
{"frame":4,"values":[1,0.0087,0.0001,0,-0.0087,0.9997,0.0241,0,0.0001,-0.0241,0.9997,0,0,0.3342,0,1]},
{"frame":5,"values":[0.9999,0.0147,0.0003,0,-0.0147,0.9991,0.0402,0,0.0003,-0.0402,0.9992,0,0,0.3342,0,1]},
{"frame":6,"values":[0.9998,0.0216,0.0006,0,-0.0216,0.9981,0.0586,0,0.0007,-0.0586,0.9983,0,0,0.3342,0,1]},
{"frame":7,"values":[0.9996,0.0292,0.0011,0,-0.0292,0.9965,0.0782,0,0.0012,-0.0782,0.9969,0,0,0.3342,0,1]},
{"frame":8,"values":[0.9993,0.0371,0.0018,0,-0.0371,0.9945,0.0981,0,0.0019,-0.0981,0.9952,0,0,0.3342,0,1]},
{"frame":9,"values":[0.999,0.045,0.0026,0,-0.045,0.9921,0.1172,0,0.0027,-0.1172,0.9931,0,0,0.3342,0,1]},
{"frame":10,"values":[0.9986,0.0526,0.0035,0,-0.0526,0.9895,0.1345,0,0.0036,-0.1345,0.9909,0,0,0.3342,0,1]},
{"frame":11,"values":[0.9982,0.0595,0.0048,0,-0.0596,0.987,0.1492,0,0.0042,-0.1492,0.9888,0,0,0.3342,0,1]},
{"frame":12,"values":[0.9979,0.0652,0.0063,0,-0.0653,0.9849,0.1604,0,0.0042,-0.1605,0.987,0,0,0.3342,0,1]},
{"frame":13,"values":[0.9976,0.069,0.0077,0,-0.0693,0.9834,0.1676,0,0.004,-0.1677,0.9858,0,0,0.3342,0,1]},
{"frame":14,"values":[0.9975,0.0704,0.0082,0,-0.0707,0.9829,0.1701,0,0.0039,-0.1703,0.9854,0,0,0.3342,0,1]},
{"frame":15,"values":[0.9979,0.0653,0.0017,0,-0.0646,0.9836,0.1685,0,0.0093,-0.1683,0.9857,0,0,0.3342,0,1]},
{"frame":16,"values":[0.9985,0.054,-0.0125,0,-0.0512,0.985,0.1648,0,0.0213,-0.1639,0.9862,0,0,0.3342,0,1]},
{"frame":17,"values":[0.9987,0.0427,-0.0268,0,-0.0379,0.9863,0.1604,0,0.0333,-0.1592,0.9867,0,0,0.3342,0,1]},
{"frame":18,"values":[0.9987,0.0375,-0.0333,0,-0.0318,0.987,0.1574,0,0.0387,-0.1562,0.987,0,0,0.3342,0,1]},
{"frame":19,"values":[0.9988,0.0407,-0.0287,0,-0.0357,0.9871,0.1561,0,0.0347,-0.1549,0.9873,0,0,0.3342,0,1]},
{"frame":20,"values":[0.9987,0.0482,-0.0179,0,-0.0448,0.9868,0.1554,0,0.0251,-0.1544,0.9877,0,0,0.3342,0,1]},
{"frame":21,"values":[0.9984,0.0572,-0.0048,0,-0.0557,0.9864,0.1549,0,0.0136,-0.1544,0.9879,0,0,0.3342,0,1]},
{"frame":22,"values":[0.9979,0.0647,0.0063,0,-0.0649,0.9859,0.1543,0,0.0037,-0.1544,0.988,0,0,0.3342,0,1]},
{"frame":23,"values":[0.9976,0.0678,0.0114,0,-0.0688,0.9857,0.1537,0,-0.0008,-0.1542,0.988,0,0,0.3342,0,1]},
{"frame":24,"values":[0.9976,0.0678,0.012,0,-0.0688,0.9858,0.1529,0,-0.0014,-0.1533,0.9882,0,0,0.3342,0,1]},
{"frame":25,"values":[0.9976,0.0677,0.0123,0,-0.0688,0.986,0.1518,0,-0.0018,-0.1523,0.9883,0,0,0.3342,0,1]},
{"frame":26,"values":[0.9976,0.0677,0.0124,0,-0.0688,0.9862,0.1507,0,-0.002,-0.1512,0.9885,0,0,0.3342,0,1]},
{"frame":27,"values":[0.9976,0.0676,0.0124,0,-0.0687,0.9863,0.1499,0,-0.0021,-0.1504,0.9886,0,0,0.3342,0,1]},
{"frame":28,"values":[0.9976,0.0676,0.0124,0,-0.0687,0.9864,0.1495,0,-0.0022,-0.15,0.9887,0,0,0.3342,0,1]},
{"frame":29,"values":[0.9976,0.0678,0.0125,0,-0.0689,0.9863,0.1502,0,-0.0021,-0.1507,0.9886,0,0,0.3342,0,1]},
{"frame":30,"values":[0.9976,0.0681,0.0125,0,-0.0692,0.986,0.1518,0,-0.002,-0.1523,0.9883,0,0,0.3342,0,1]},
{"frame":31,"values":[0.9976,0.0685,0.0125,0,-0.0696,0.9857,0.1536,0,-0.0018,-0.1541,0.988,0,0,0.3342,0,1]},
{"frame":32,"values":[0.9975,0.0689,0.0123,0,-0.07,0.9854,0.1552,0,-0.0015,-0.1557,0.9878,0,0,0.3342,0,1]},
{"frame":33,"values":[0.9975,0.0691,0.012,0,-0.0701,0.9853,0.1559,0,-0.0011,-0.1563,0.9877,0,0,0.3342,0,1]},
{"frame":34,"values":[0.9977,0.0671,0.011,0,-0.068,0.986,0.1522,0,-0.0006,-0.1526,0.9883,0,0,0.3342,0,1]},
{"frame":35,"values":[0.998,0.0619,0.0091,0,-0.0626,0.9878,0.1428,0,-0.0002,-0.1431,0.9897,0,0,0.3342,0,1]},
{"frame":36,"values":[0.9985,0.0545,0.0068,0,-0.055,0.99,0.1298,0,0.0003,-0.13,0.9915,0,0,0.3342,0,1]},
{"frame":37,"values":[0.9989,0.0462,0.0045,0,-0.0464,0.9922,0.1153,0,0.0008,-0.1154,0.9933,0,0,0.3342,0,1]},
{"frame":38,"values":[0.9993,0.038,0.0026,0,-0.038,0.9941,0.1018,0,0.0013,-0.1018,0.9948,0,0,0.3342,0,1]},
{"frame":39,"values":[0.9995,0.0311,0.0013,0,-0.0311,0.9953,0.0913,0,0.0016,-0.0913,0.9958,0,0,0.3342,0,1]},
{"frame":40,"values":[0.9996,0.0265,0.0007,0,-0.0264,0.996,0.0854,0,0.0016,-0.0854,0.9963,0,0,0.3342,0,1]},
{"frame":41,"values":[0.9997,0.0234,0.0004,0,-0.0234,0.9964,0.082,0,0.0016,-0.082,0.9966,0,0,0.3342,0,1]},
{"frame":42,"values":[0.9998,0.0211,0.0002,0,-0.0211,0.9967,0.0783,0,0.0014,-0.0783,0.9969,0,0,0.3342,0,1]},
{"frame":43,"values":[0.9998,0.0185,0,0,-0.0185,0.9973,0.0714,0,0.0013,-0.0714,0.9974,0,0,0.3342,0,1]},
{"frame":44,"values":[0.9999,0.0148,-0.0003,0,-0.0148,0.9982,0.0584,0,0.0012,-0.0584,0.9983,0,0,0.3342,0,1]},
{"frame":45,"values":[1,0.009,-0.0009,0,-0.009,0.9993,0.0363,0,0.0013,-0.0363,0.9993,0,0,0.3342,0,1]},
